0 0 11 13 0 7 0 0 0 4 0 9 0 0 0 0
0 3 0 7 0 0 14 0 15 0 8 11 4 0 0 12
0 12 5 10 0 0 0 0 2 0 0 0 0 0 0 16
0 8 0 0 0 0 0 0 0 1 3 12 14 13 0 6
12 0 0 0 9 0 2 10 0 0 0 0 0 11 15 0
5 0 0 11 0 16 0 8 0 0 0 0 0 6 0 0
0 0 0 0 15 14 0 0 0 0 6 4 0 0 0 9
16 10 7 1 0 5 0 11 8 0 0 2 0 0 0 0
0 0 0 0 4 0 0 15 5 0 13 0 3 14 16 8
8 0 0 0 5 11 0 0 0 0 9 16 0 0 0 0
0 0 6 0 0 0 0 0 14 0 7 0 2 0 0 5
0 5 12 0 0 0 0 0 4 3 0 8 0 0 0 7
3 0 15 12 11 13 8 0 0 0 0 0 0 0 7 0
11 0 0 0 0 0 0 1 0 0 0 0 6 12 8 0
6 0 0 2 3 9 0 7 0 12 0 0 10 0 13 0
0 0 0 0 2 0 6 0 0 0 1 0 5 15 0 0