2 7 4 13 0 0 12 0 0 0 0 0 0 0 3 0
15 11 0 0 3 0 9 0 0 0 0 0 6 0 13 10
0 0 0 9 0 8 0 13 14 0 0 1 0 0 5 7
0 0 0 1 6 0 0 0 0 0 12 9 15 8 14 2
11 5 0 0 0 0 0 15 7 0 0 4 0 1 0 9
0 0 0 0 0 0 0 0 1 0 11 0 5 16 0 0
16 0 6 0 0 0 3 11 5 8 0 12 0 0 0 4
8 12 0 15 0 0 14 4 16 0 10 0 0 0 0 11
1 0 0 0 0 4 0 14 10 7 0 0 9 0 12 13
10 0 0 0 12 0 7 2 4 6 0 0 0 5 0 1
0 0 14 11 0 6 0 9 0 0 0 0 0 0 0 0
12 0 13 0 10 0 0 3 9 0 0 0 0 0 16 15
13 2 10 5 4 16 0 0 0 0 0 11 7 0 0 0
3 8 0 0 9 0 0 1 13 0 7 0 16 0 0 0
14 4 0 6 0 0 0 0 0 3 0 15 0 0 1 5
0 1 0 0 0 0 0 0 0 2 0 0 13 11 4 6